[[  8.8851922  -15.06093812   8.84515871 ...  -9.36050262   1.90269027
   -8.13489324]
 [  8.80992333 -14.15450511   7.45151165 ... -14.99173904  -3.65531743
   -8.78298057]
 [  8.91004006 -14.96275249   9.08790119 ...  -6.13832779  -0.67865696
   -7.95017416]
 ...
 [  9.96761355 -16.49543801  -1.04751117 ... -17.53111202   7.90758205
   11.22995227]
 [  9.63679949 -15.90386484  -0.49343776 ... -35.46971504  -6.78117921
   13.49295586]
 [  8.85178374 -12.89916597   3.13330352 ... -22.25242195  -4.23783505
    3.70880854]]
